2392.287750000 3
224.091 1.3
239.186 1.0
241.787 2.2
245.137 4.5
246.224 1.0
248.096 1.1
253.096 1.3
255.317 1.3
256.010 1.1
260.304 1.2
261.258 1.8
263.305 1.7
265.151 1.2
271.157 1.0
272.214 1.3
274.399 1.5
278.213 3.1
282.199 1.0
293.819 1.1
308.262 1.5
312.073 1.7
315.659 1.8
319.252 1.7
320.376 1.4
323.191 1.5
325.652 1.1
329.081 2.5
331.507 1.4
334.456 1.3
335.299 1.6
336.312 22.0
337.384 17.0
338.304 7.7
339.037 4.7
344.223 2.7
345.415 1.1
347.019 4.7
350.338 1.4
352.553 1.5
355.207 1.3
356.166 1.8
358.280 4.7
359.407 6.5
360.259 1.3
362.820 2.5
364.049 4.0
365.242 1.9
369.024 2.5
372.171 4.5
377.471 2.1
380.237 1.1
381.107 1.2
383.420 2.1
384.675 1.9
386.123 1.1
388.302 1.7
389.533 1.8
390.670 3.6
391.411 2.5
392.399 2.3
393.319 2.3
394.420 1.6
395.340 1.6
396.143 1.6
398.078 8.8
398.861 5.7
400.091 13.6
401.139 1.1
407.492 3.6
408.327 4.6
409.065 3.1
411.323 3.9
416.806 1.3
421.481 2.2
422.335 3.2
425.326 4.6
427.016 3.1
432.248 3.1
433.184 4.9
434.103 2.3
435.300 3.2
436.521 3.0
437.371 8.3
438.372 6.5
439.305 3.8
440.306 1.7
441.430 5.1
442.083 1.3
443.266 4.3
445.365 4.0
446.325 1.5
448.330 1.2
451.118 1.9
453.038 19.1
454.209 4.1
456.674 1.5
458.846 2.1
460.284 6.6
461.340 22.7
462.177 64.1
463.265 42.5
464.419 2.3
466.156 3.2
467.246 5.7
467.950 1.6
471.086 4.4
472.335 8.9
473.210 7.2
476.148 1.6
477.315 5.9
478.188 10.5
479.135 19.2
480.173 3.6
481.269 4.4
482.250 1.9
484.333 1.9
485.001 1.7
485.715 1.4
487.014 3.0
488.322 2.4
489.189 6.0
490.095 3.1
492.462 2.5
493.779 1.3
495.088 1.3
496.265 7.2
497.378 2.0
498.084 1.2
500.280 2.8
501.293 3.8
503.471 2.9
505.352 7.9
511.051 1.7
512.220 1.4
513.109 7.1
519.139 3.7
519.994 2.8
520.968 6.7
522.392 3.5
523.293 1.8
525.285 1.5
527.351 4.4
529.164 7.2
531.086 13.2
531.932 2.7
533.225 7.3
534.100 1.4
535.174 2.5
536.623 2.7
537.654 1.5
538.528 1.9
539.153 1.2
541.412 4.1
543.500 1.7
544.339 1.3
545.190 4.5
545.961 1.5
549.243 2.0
550.309 1.7
551.273 2.4
553.311 1.3
556.317 1.1
557.345 4.8
558.851 4.6
559.849 2.8
563.882 1.7
565.353 2.2
566.178 3.6
568.613 2.2
569.279 1.8
570.355 3.5
571.159 2.6
572.386 3.6
574.478 5.1
576.446 1.0
577.338 3.5
578.488 6.1
579.224 1.6
580.682 1.1
581.685 1.1
582.357 1.2
583.844 2.0
585.237 11.9
586.344 3.2
587.416 5.5
588.215 1.7
589.152 2.3
590.138 2.6
591.378 1.4
593.462 6.5
594.560 2.6
595.549 1.2
597.487 2.2
598.280 1.6
601.000 1.6
602.023 1.3
603.122 16.5
604.222 2.9
605.339 4.3
606.725 3.1
607.366 1.8
608.013 2.5
609.242 6.7
610.107 3.7
610.942 5.0
612.562 8.4
615.231 1.5
618.623 1.0
620.627 1.5
621.339 3.6
622.221 2.3
623.242 3.8
624.636 5.4
625.477 5.8
626.322 1.5
627.319 8.7
628.264 3.0
629.390 7.6
630.321 7.6
631.681 1.3
632.857 3.8
633.676 1.5
635.134 14.8
636.212 2.6
637.088 1.6
638.261 1.5
639.163 2.3
641.118 1.7
642.032 6.7
643.240 6.2
644.148 2.5
645.102 4.8
646.055 4.8
647.416 6.3
648.172 1.4
650.051 9.7
651.198 6.5
652.243 3.5
653.081 3.7
655.629 5.4
656.845 1.4
658.190 2.3
659.258 7.1
661.338 6.1
662.222 7.2
663.115 2.9
664.432 1.2
665.393 1.5
666.188 2.2
667.057 3.9
668.086 5.1
669.336 3.2
671.392 6.0
672.251 2.7
674.059 1.6
674.985 2.5
676.155 9.1
676.807 1.3
677.559 8.0
678.332 3.7
679.327 8.6
680.292 4.5
682.544 12.6
683.401 5.0
684.058 4.3
685.104 1.7
686.256 6.0
687.225 1.8
688.442 4.8
689.121 1.7
690.449 3.3
691.473 9.9
692.563 6.8
693.186 11.3
695.414 2.9
696.254 4.9
697.128 1.7
697.736 1.5
699.106 7.9
701.821 3.1
702.993 4.3
703.908 1.7
705.089 7.3
706.207 3.9
707.285 4.6
708.179 5.5
709.390 15.4
710.385 15.7
711.225 8.6
712.199 7.3
713.261 9.5
714.240 2.1
715.575 6.8
716.770 7.9
717.738 10.3
719.345 2.8
720.928 2.3
721.780 4.9
723.378 10.4
724.157 1.5
725.311 6.4
725.987 5.5
726.704 1.8
727.654 1.5
728.341 6.6
729.178 5.8
730.673 5.7
731.546 8.9
732.786 4.6
734.199 46.8
735.347 15.9
736.291 6.2
737.269 42.1
738.099 122.6
739.246 13.7
739.994 2.7
740.690 3.4
741.751 4.1
742.636 2.4
743.561 3.6
745.044 26.8
746.105 6.7
747.772 6.2
748.828 3.1
750.420 7.1
751.354 16.1
752.244 7.3
753.332 25.1
754.362 17.8
755.120 49.8
756.181 7.7
757.162 8.5
757.886 3.4
758.877 3.3
759.985 7.3
761.043 29.1
762.132 27.1
763.430 6.1
764.227 8.0
765.256 22.1
766.263 6.0
767.038 3.6
767.803 2.8
768.732 10.1
769.869 7.7
770.576 2.5
771.242 2.5
780.969 5.7
783.090 2.1
786.115 1.4
788.243 1.1
789.360 1.4
790.414 2.1
797.061 2.1
798.224 1.8
799.165 4.1
807.753 1.3
812.380 1.2
813.083 2.7
813.869 2.4
815.367 3.2
816.577 2.2
818.540 2.1
819.686 4.5
821.682 2.5
823.337 9.8
824.569 1.6
825.733 1.5
833.205 1.8
834.708 2.8
835.517 2.6
836.119 1.5
837.219 1.9
839.337 1.0
842.860 1.2
845.600 12.0
846.628 3.9
847.282 8.3
849.248 4.5
850.462 3.9
851.871 2.2
853.066 5.6
854.381 1.7
857.414 1.2
859.421 1.6
860.067 1.4
870.263 1.2
872.211 1.6
874.668 2.7
875.509 1.1
881.026 2.0
886.636 3.8
887.760 4.4
892.385 3.7
895.443 3.1
899.022 1.6
899.737 1.7
901.544 4.9
903.062 7.2
903.846 13.0
904.975 4.3
908.392 1.2
910.898 2.5
911.801 1.0
914.227 1.2
917.462 5.7
923.291 2.3
924.415 2.3
925.380 2.5
927.959 3.7
929.100 4.0
930.234 1.6
935.598 3.8
936.258 1.6
946.442 1.9
947.243 3.1
948.343 8.6
951.895 2.6
952.585 2.8
955.342 1.1
956.327 3.8
958.281 1.6
960.221 17.9
961.016 17.2
961.750 2.6
963.346 1.4
965.575 5.9
969.603 1.3
973.037 2.5
974.060 3.9
974.682 5.8
979.010 2.2
982.474 1.7
988.377 1.9
991.437 3.5
993.266 1.4
996.174 1.4
997.761 4.2
998.785 1.8
999.963 5.0
1007.626 3.5
1011.676 5.3
1014.588 2.5
1016.619 8.2
1017.294 7.5
1028.308 4.6
1029.326 2.0
1034.909 1.2
1037.942 1.7
1039.102 4.3
1043.330 1.1
1045.783 2.8
1048.852 2.3
1052.911 2.9
1054.447 1.1
1062.158 1.1
1065.172 2.6
1066.308 14.3
1066.920 1.2
1068.344 2.6
1069.324 2.6
1071.274 1.5
1073.915 2.0
1075.758 5.3
1077.171 2.7
1084.984 1.8
1086.538 2.1
1094.206 3.0
1101.917 2.8
1103.783 1.8
1104.745 6.4
1105.952 1.1
1107.225 3.8
1122.355 1.8
1123.433 8.4
1126.885 1.3
1128.852 1.6
1134.976 3.6
1139.427 3.2
1142.000 2.7
1143.258 1.6
1157.884 1.8
1160.425 1.1
1176.517 2.7
1181.445 1.0
1185.650 2.5
1186.325 1.8
1204.718 3.4
1205.462 1.6
1213.797 1.2
1214.710 1.0
1221.148 1.1
1222.451 1.2
1224.757 2.0
1232.480 3.9
1235.583 2.9
1238.278 1.6
1250.384 1.0
1254.081 3.8
1255.848 8.5
1256.556 1.0
1257.593 1.8
1258.634 2.0
1259.406 4.1
1271.859 1.0
1275.271 2.0
1281.769 1.1
1283.447 1.3
1296.600 5.5
1318.638 2.4
1363.671 4.7
1374.098 1.4
1376.904 1.3
1388.524 1.8
1417.826 1.7
1419.249 1.4
1420.268 1.6
1449.638 1.1
1451.419 1.7
1527.037 1.1
1589.317 1.5
1675.356 4.7