1255.872850000 2
190.974 1.4
193.307 2.4
194.989 1.9
201.244 3.0
202.997 1.5
204.230 1.6
205.042 3.4
208.139 2.0
209.678 1.6
211.161 3.0
212.356 1.3
213.337 3.0
214.801 3.9
219.232 2.5
221.262 2.4
223.130 1.9
224.013 2.3
224.795 4.3
226.152 3.3
227.072 2.5
228.305 4.5
231.000 1.3
232.148 1.1
233.221 3.0
235.274 2.5
237.261 3.4
238.120 3.3
240.447 1.3
241.180 5.1
242.251 3.6
243.167 4.0
244.993 1.9
248.119 1.6
249.070 2.7
250.980 5.3
252.357 5.2
253.187 2.6
253.817 1.3
254.643 1.4
255.257 14.2
256.200 5.1
257.192 4.0
258.402 4.3
261.348 2.0
262.393 2.1
263.330 3.7
265.193 4.0
266.215 2.6
268.208 4.8
269.186 11.1
270.285 8.7
271.458 2.5
272.245 3.9
273.156 2.1
273.980 1.9
275.371 4.1
277.515 3.2
279.263 4.3
280.208 3.6
281.164 2.4
283.339 25.9
284.361 22.5
285.148 2.1
286.150 3.3
287.145 9.9
288.320 1.4
289.305 9.1
291.227 4.0
292.459 5.0
293.287 2.0
295.231 20.0
296.337 11.7
297.271 13.8
298.367 12.3
299.308 11.6
300.353 6.2
301.174 4.2
302.903 3.3
304.009 2.7
305.035 4.8
306.157 6.4
307.349 7.8
308.303 10.8
309.384 5.4
310.278 8.0
311.214 20.8
312.369 32.0
313.172 21.2
314.072 28.9
314.986 11.5
315.773 2.6
316.808 5.5
318.199 7.3
319.218 5.4
320.373 3.0
321.364 20.2
322.247 3.9
323.368 6.6
324.188 6.1
324.954 1.8
326.389 8.6
327.371 6.3
328.106 7.8
328.860 15.4
329.876 16.2
330.865 21.6
331.887 10.7
333.040 14.1
334.260 2.3
334.978 5.2
336.233 4.0
337.263 11.1
338.230 1.6
339.183 3.3
340.120 1.8
341.511 7.2
342.414 4.6
343.430 4.9
344.281 5.0
345.226 8.8
346.336 6.8
347.383 4.9
348.243 3.5
349.391 5.0
350.874 3.6
353.095 12.2
354.099 10.2
355.378 6.0
356.232 2.4
357.296 4.6
357.967 1.6
358.917 12.9
360.110 7.0
361.463 7.1
362.398 3.8
363.317 2.1
364.281 3.9
365.255 5.1
367.323 4.0
368.383 3.3
369.528 6.6
370.300 15.0
371.235 21.6
372.276 12.0
373.247 7.7
374.110 4.6
375.221 5.7
376.160 5.6
377.183 4.6
378.252 3.3
379.157 2.1
380.246 5.4
381.197 2.6
382.407 3.7
383.322 3.8
384.322 5.1
385.219 6.3
386.244 9.0
387.488 5.3
388.528 12.6
389.422 14.1
390.225 3.7
391.381 3.7
392.495 13.2
393.335 5.3
395.113 2.8
396.376 2.1
397.148 2.1
398.464 2.4
399.355 3.5
400.382 3.8
401.140 5.7
402.153 4.6
403.005 10.0
404.928 9.4
406.458 9.4
407.325 3.5
408.152 2.9
410.042 2.0
411.472 109.0
412.252 13.2
413.271 4.7
414.478 1.4
415.279 6.5
416.211 7.1
417.350 3.9
418.125 1.5
418.768 1.5
419.397 4.7
421.115 4.5
421.930 1.6
423.368 3.6
424.250 4.1
425.290 4.4
426.170 4.2
427.524 2.9
428.347 3.1
429.618 5.6
431.831 20.8
433.119 12.0
433.994 3.5
434.779 1.5
435.737 3.0
436.574 1.7
437.411 8.2
438.332 3.7
439.328 6.5
440.330 8.1
441.380 1.4
443.176 6.4
444.213 4.0
445.350 5.4
446.453 2.8
447.881 2.9
448.671 13.2
449.647 2.1
450.292 1.1
451.503 5.7
452.565 4.7
454.415 6.6
455.450 5.1
456.496 1.8
457.334 5.8
458.216 6.6
459.547 6.5
460.467 2.0
461.338 3.7
463.170 2.5
464.330 7.0
465.404 10.6
466.918 2.7
467.763 2.5
468.501 1.8
469.400 5.4
470.445 4.2
471.260 5.3
471.935 2.8
472.695 1.0
473.389 2.5
474.228 5.3
475.266 6.4
476.081 1.8
477.407 5.6
478.579 6.2
479.701 2.8
481.437 4.8
482.462 4.2
483.574 2.7
484.407 6.4
485.336 5.4
486.176 11.9
487.452 3.0
488.340 5.7
490.481 8.0
492.072 5.9
492.882 4.4
493.635 4.0
494.901 9.8
495.762 5.9
496.467 3.7
497.458 3.4
498.242 9.5
499.139 7.8
500.293 10.1
501.346 10.7
502.251 5.7
504.237 1.5
506.475 5.8
507.527 1.3
508.847 2.3
509.630 2.6
510.854 1.2
511.886 5.3
512.505 4.7
513.302 4.9
514.411 8.7
515.258 9.1
516.391 5.3
517.464 4.4
518.352 1.4
520.204 2.1
520.842 1.9
521.657 4.2
523.389 3.5
524.477 5.3
525.364 3.7
526.550 2.5
527.416 5.6
528.399 3.1
529.315 5.9
530.310 5.8
531.318 3.4
533.338 9.8
535.260 5.9
536.452 10.8
537.808 7.5
538.587 4.5
539.255 5.3
540.893 7.0
541.938 3.2
542.751 6.6
543.582 10.3
544.780 6.7
545.618 1.6
546.381 17.6
547.366 6.1
548.411 13.3
549.199 5.1
550.299 1.8
551.305 4.7
552.869 12.0
553.655 28.9
554.709 3.8
555.662 5.7
556.466 6.0
557.591 7.3
558.446 6.8
559.586 6.5
561.737 3.9
563.707 5.2
565.015 8.7
566.003 10.2
567.424 16.2
568.367 20.3
569.448 8.9
570.517 24.0
571.417 14.9
572.273 12.0
573.287 7.1
575.281 2.8
576.352 4.2
577.042 2.5
578.539 3.1
579.466 1.8
580.428 2.3
581.481 22.9
582.367 37.8
583.454 23.7
584.316 21.0
585.228 13.8
586.631 5.3
587.699 2.2
588.394 4.7
589.790 7.2
590.501 12.3
591.569 35.6
592.408 33.6
593.631 4.9
595.216 10.7
596.390 7.1
597.568 7.7
598.468 4.0
599.557 34.5
600.521 9.1
601.359 3.3
603.678 1.2
604.304 1.4
607.659 2.1
608.306 1.1
609.264 4.2
609.957 1.3
613.786 6.9
619.333 3.8
619.972 3.6
624.379 1.2
626.666 1.3
627.723 3.7
628.863 5.4
629.535 2.5
634.774 2.5
636.864 3.6
637.697 16.4
641.177 1.9
644.532 5.1
645.561 7.7
646.689 14.3
662.299 1.5
663.654 1.6
665.620 4.0
669.502 4.1
681.080 1.6
682.263 1.2
687.151 1.2
688.944 1.6
705.502 4.3
708.428 1.6
712.291 4.0
718.293 1.5
735.187 1.6
736.075 1.5
746.140 1.3
753.308 1.1
754.339 1.3
757.982 3.2
765.263 1.3
770.402 5.1
771.350 4.2
782.992 2.4
787.801 1.9
789.200 1.5
790.518 2.1
792.481 1.8
795.617 2.3
803.894 3.5
807.194 2.7
861.211 4.6
862.628 4.6
863.417 2.0
869.059 3.3
880.525 1.2
881.555 1.7
885.138 2.6
895.093 1.9
900.500 5.0
904.319 1.1
928.799 1.1
943.224 1.2
961.424 3.4
975.492 1.0
976.697 1.4
977.413 2.2
1001.510 1.3
1051.602 1.2
1065.741 2.4
1118.274 2.3
1231.649 1.3
1233.703 157.5
1234.670 111.7
1235.724 9.1