2996.495150000001 3
283.163 21.1
284.158 2.0
286.276 2.7
287.546 1.6
289.933 2.0
292.023 1.1
294.127 1.8
296.339 3.1
298.947 2.2
300.656 3.6
302.184 2.3
303.157 3.4
304.158 2.9
304.969 1.2
306.116 3.3
307.334 9.8
308.260 4.1
309.595 4.2
310.443 2.8
311.173 1.4
312.142 4.0
313.368 2.1
320.875 4.6
322.013 5.9
322.642 2.8
323.348 2.7
324.129 2.4
325.058 2.2
326.321 1.8
328.201 15.8
329.318 6.5
330.218 4.3
331.182 1.3
333.085 1.2
334.394 3.0
335.281 1.7
336.337 4.2
337.218 7.2
338.137 3.9
339.204 1.7
340.513 1.2
341.588 4.3
343.134 10.9
344.086 1.1
346.349 4.1
347.357 1.9
350.838 6.5
351.720 10.3
353.028 9.3
354.129 2.8
355.314 37.4
356.364 7.8
357.262 11.3
358.179 2.7
359.126 1.9
360.204 3.2
362.935 1.2
365.201 4.0
366.448 4.5
367.216 3.2
368.269 5.7
369.051 4.4
370.500 7.1
371.226 5.8
374.441 1.3
376.194 1.4
377.204 1.1
378.683 4.7
379.444 2.3
380.312 4.2
381.229 9.3
382.501 1.7
383.383 2.6
384.123 3.2
385.401 2.7
387.083 1.6
388.654 1.2
390.354 1.7
391.225 3.3
393.179 2.0
394.065 2.0
394.991 3.0
396.210 19.7
397.304 11.6
399.278 3.0
400.176 2.8
401.343 2.6
402.473 2.3
403.189 1.3
404.469 2.6
405.470 2.2
406.488 1.4
407.199 2.8
408.584 2.4
409.736 2.7
410.486 4.5
411.612 2.9
412.729 5.3
413.458 11.1
414.229 9.2
415.007 4.9
418.365 1.0
420.367 3.0
421.466 1.6
422.243 3.2
423.209 21.1
424.329 9.9
425.174 11.7
426.023 2.6
428.107 3.2
429.280 2.5
429.978 1.8
431.270 5.7
433.224 1.6
434.067 3.3
435.746 8.1
436.425 4.1
437.220 5.0
438.313 6.8
439.036 3.2
440.242 7.7
442.226 12.6
442.891 1.7
444.272 4.1
447.086 1.1
448.038 13.5
449.147 1.4
450.385 5.1
451.812 10.6
452.897 8.4
454.094 6.6
455.302 5.0
456.252 5.9
457.323 6.6
458.371 2.7
459.211 8.3
460.296 3.6
460.926 4.9
463.794 2.1
465.089 9.4
466.356 7.6
467.165 5.8
468.299 4.6
469.364 1.6
470.305 15.8
471.278 14.4
472.287 1.4
473.446 1.9
474.294 24.6
475.445 4.9
476.508 1.7
477.301 10.9
478.371 8.3
479.240 6.3
480.069 4.2
481.287 5.8
482.688 17.0
483.419 18.8
484.278 3.2
485.189 2.5
486.543 5.2
487.227 1.8
488.021 3.2
489.302 7.3
491.089 5.4
492.236 40.1
493.345 14.9
494.316 2.7
495.303 3.3
496.379 12.1
497.274 3.7
498.273 4.4
499.265 3.3
500.076 5.6
501.273 1.4
504.338 2.0
505.901 1.3
506.763 5.4
507.633 6.0
508.325 7.4
509.235 8.9
510.120 6.4
511.187 3.6
512.156 4.9
513.196 1.0
515.322 2.8
516.946 1.1
518.718 8.4
519.563 4.2
521.017 4.7
522.223 8.4
523.359 8.1
524.278 18.2
525.344 13.3
526.405 18.6
527.115 10.4
528.253 3.2
529.484 8.3
530.375 1.4
531.371 2.6
532.439 4.1
533.464 1.9
535.310 8.9
536.039 7.4
537.293 15.1
538.256 27.6
539.691 38.9
540.872 13.6
541.643 1.3
542.408 3.9
543.411 3.5
545.151 1.4
546.243 7.0
548.397 4.1
549.133 1.0
550.740 8.2
551.661 3.4
553.060 43.1
554.207 17.6
555.396 11.6
556.416 4.2
557.302 3.7
558.376 1.7
560.458 4.0
561.152 5.8
563.521 5.6
564.721 4.6
566.153 8.6
567.311 10.6
568.175 16.4
569.181 12.2
570.237 22.2
571.245 8.8
572.481 11.9
573.329 4.0
574.411 5.9
575.348 2.5
576.427 8.1
577.290 9.0
578.215 3.0
579.327 10.1
580.268 2.6
581.312 6.3
582.311 1.9
583.482 3.7
584.480 2.8
585.322 1.1
586.350 5.7
587.339 51.9
588.447 16.2
589.470 2.3
590.553 5.4
591.477 3.7
592.308 4.3
592.984 3.3
594.055 11.5
595.230 10.2
596.321 22.4
596.945 16.6
598.221 16.0
599.208 9.5
599.843 5.1
601.750 14.0
602.899 3.2
604.172 8.6
605.290 178.9
606.279 49.3
607.323 7.9
608.291 11.6
609.234 6.4
610.144 7.5
611.004 1.8
611.860 1.4
612.771 6.2
613.814 10.7
615.346 13.1
616.344 6.2
617.032 1.9
618.195 3.1
619.308 10.9
620.968 4.7
622.257 18.1
623.196 10.9
624.089 12.5
625.283 11.6
626.261 6.0
627.572 8.8
628.511 4.2
629.884 5.0
631.954 15.5
632.672 13.4
633.461 8.1
634.326 6.0
635.310 5.2
636.332 4.8
637.270 41.6
638.493 14.4
639.623 7.5
640.379 6.6
641.229 10.0
642.072 4.3
643.248 10.7
644.112 14.3
645.074 6.3
645.968 1.9
646.785 4.8
648.193 4.0
649.498 19.6
650.287 11.9
651.167 25.2
652.257 24.8
653.213 3.7
654.280 8.0
655.524 2.0
656.701 6.8
657.856 14.3
658.906 7.9
660.438 19.2
661.310 27.2
662.552 11.2
663.806 3.5
664.599 9.4
665.653 3.6
666.446 1.9
667.264 32.5
668.254 20.4
669.249 22.5
670.479 10.4
671.381 7.7
672.238 1.8
673.212 6.0
674.178 12.6
675.340 4.8
676.254 6.0
677.397 2.0
678.302 5.7
679.316 20.0
680.322 14.3
681.236 3.4
682.054 4.8
683.463 9.4
684.612 13.4
685.379 17.1
686.230 6.6
687.542 15.1
688.712 14.8
689.539 2.2
690.218 13.6
691.383 8.8
692.304 4.3
693.367 11.6
694.301 13.8
695.355 14.5
696.719 31.1
697.935 8.0
699.485 8.5
700.320 5.4
701.710 13.2
702.357 23.8
703.242 14.5
704.489 8.9
705.620 5.8
706.985 17.0
708.295 61.7
709.440 24.3
710.283 11.9
711.252 12.9
711.982 1.9
712.964 12.2
714.223 13.2
715.238 4.9
715.966 24.9
716.795 8.7
718.048 4.5
720.205 112.9
721.270 50.4
722.327 19.7
723.163 15.8
724.260 15.7
725.208 6.0
726.466 11.7
727.546 6.6
728.622 53.1
729.479 24.6
730.365 30.9
730.972 7.0
732.919 7.1
734.027 3.1
735.163 3.3
736.086 4.9
737.636 196.2
739.144 47.4
740.176 17.6
741.238 10.5
742.247 6.3
743.205 5.0
743.889 6.4
744.667 9.8
745.411 10.5
746.294 9.7
747.198 5.5
748.232 8.1
749.205 8.8
750.123 8.7
750.910 3.1
752.225 8.0
753.322 15.6
754.257 15.0
755.182 8.9
756.238 49.4
757.210 14.1
758.447 12.7
759.763 14.2
760.712 13.5
761.598 8.6
762.343 5.1
763.275 2.9
764.525 3.4
765.482 13.2
766.626 5.4
768.042 16.9
769.198 18.1
770.567 10.1
771.536 11.8
772.338 9.2
773.219 5.8
774.231 30.0
775.311 14.6
776.710 6.8
777.554 8.6
778.352 7.7
779.186 5.0
780.029 8.4
781.216 7.8
781.994 2.3
783.089 3.4
784.212 5.9
784.846 9.9
785.474 11.0
786.475 8.7
787.384 12.3
788.225 10.5
789.284 80.0
790.340 21.4
791.202 3.9
792.130 26.0
793.282 6.5
794.138 94.7
795.297 41.3
796.518 21.1
797.556 9.8
798.493 8.4
799.437 11.5
800.720 10.6
801.813 11.0
803.075 556.8
804.077 71.3
805.374 11.5
806.770 36.1
807.435 283.9
808.369 118.8
809.488 43.4
810.350 24.7
811.329 14.7
812.644 7.9
813.822 9.4
814.894 8.5
816.005 3.9
816.987 13.8
818.012 19.3
818.929 36.6
820.226 25.1
821.520 6.9
822.402 15.2
823.313 11.4
824.207 5.8
825.109 9.3
825.968 8.8
827.271 36.4
827.952 8.0
829.091 12.7
830.221 9.8
830.972 19.8
832.152 12.2
833.291 2.7
834.780 6.6
836.292 33.7
837.065 48.7
838.079 60.9
839.296 25.8
840.351 16.0
841.215 6.8
842.094 16.5
843.025 19.0
843.697 12.4
844.642 21.8
845.320 88.8
846.351 25.1
847.175 3.6
848.231 4.1
849.199 12.3
850.193 8.8
851.080 25.0
852.115 30.9
853.080 8.5
853.772 31.4
854.570 26.1
855.377 36.8
856.239 14.6
857.361 11.2
858.238 3.9
859.135 18.3
860.290 65.0
861.068 67.5
862.065 10.7
863.336 33.6
864.488 8.0
865.628 19.8
866.586 2.1
867.365 13.4
868.237 24.9
869.214 32.3
870.308 11.7
871.255 10.0
872.460 8.8
873.418 3.4
874.192 2.3
875.271 18.9
876.453 15.6
877.524 7.7
878.280 14.3
879.487 13.0
880.477 53.9
881.226 34.7
881.956 16.2
882.836 4.9
884.306 16.7
885.446 35.5
886.380 19.9
887.217 13.1
888.376 11.6
889.582 5.4
890.643 8.1
891.582 8.0
892.469 21.3
893.287 19.4
894.638 104.7
895.406 17.6
896.618 20.1
897.876 9.2
898.654 28.8
899.569 6.9
900.473 9.2
901.550 25.6
902.406 59.6
903.239 113.3
904.182 186.4
905.074 69.5
906.212 7.6
906.904 8.9
908.210 39.7
909.335 52.5
910.526 31.1
911.413 14.4
912.433 5.8
913.361 2.6
914.585 24.4
915.574 16.2
916.405 21.4
917.759 49.4
918.380 41.3
919.079 14.1
920.350 276.6
921.428 116.3
922.628 34.0
923.414 34.5
924.388 13.8
925.336 13.2
926.310 27.8
927.511 20.9
928.460 14.3
929.251 12.7
930.037 5.0
931.303 18.6
932.426 100.0
933.442 36.8
934.824 11.8
935.890 26.9
936.574 13.7
937.279 40.6
938.312 31.3
939.278 3.5
940.443 11.6
941.561 25.2
942.549 103.3
943.333 42.4
944.772 20.4
945.447 29.9
946.655 17.4
947.470 21.4
948.667 26.8
949.582 44.6
950.405 53.2
951.318 75.2
952.288 33.8
953.358 28.5
954.400 42.7
955.240 46.0
956.389 37.9
957.348 13.0
958.117 19.7
958.828 29.1
959.911 50.9
960.707 35.5
961.689 14.0
962.902 30.5
963.824 36.6
964.635 24.0
965.575 26.9
966.694 51.3
967.375 75.5
968.038 74.8
969.337 10.0
970.275 3.4
971.674 3.3
972.842 6.8
973.540 3.4
978.345 2.3
981.706 1.4
982.650 1.2
984.044 1.9
986.032 3.3
987.960 3.8
993.942 1.2
995.208 1.6
995.891 6.1
999.190 4.1
1000.179 14.6
1001.603 9.6
1003.088 3.1
1003.855 5.8
1006.482 2.1
1007.634 13.0
1008.560 10.7
1009.688 5.3
1010.857 6.0
1012.017 4.9
1013.140 3.8
1014.125 1.4
1014.922 5.3
1015.972 9.8
1016.706 6.5
1017.527 5.0
1018.552 11.8
1019.467 3.9
1020.887 11.8
1021.544 9.6
1023.049 9.2
1023.805 1.4
1024.729 3.2
1025.668 7.7
1027.250 64.6
1028.018 16.9
1028.821 8.4
1030.148 28.5
1030.930 3.4
1032.320 4.5
1033.242 2.1
1034.363 5.8
1036.126 227.4
1037.073 67.7
1038.199 10.9
1039.064 15.3
1039.898 5.8
1041.026 2.6
1041.704 5.7
1042.661 8.0
1043.444 8.8
1044.669 1.5
1045.406 56.5
1046.415 31.1
1047.250 4.1
1047.868 9.4
1048.633 15.1
1049.739 15.3
1050.557 8.7
1051.307 9.4
1052.169 4.2
1053.885 21.8
1054.496 16.6
1055.226 28.6
1056.662 10.3
1057.634 8.0
1059.732 11.3
1060.427 96.7
1061.414 42.8
1062.708 121.6
1063.530 78.0
1064.387 38.8
1065.316 25.5
1067.344 8.0
1068.556 14.3
1069.281 4.7
1070.320 2.4
1071.409 148.0
1072.111 213.9
1073.231 17.6
1074.574 14.0
1075.570 3.1
1076.665 9.9
1078.388 509.1
1079.407 206.5
1080.403 39.2
1081.230 2.4
1082.073 7.1
1083.188 15.7
1084.143 5.8
1085.434 7.3
1086.795 24.4
1087.629 14.2
1088.820 9.7
1090.303 2.1
1091.317 2.0
1092.369 9.5
1093.424 5.9
1094.547 7.9
1095.463 24.5
1096.478 10.5
1098.447 4.3
1099.765 5.1
1100.458 1.3
1101.065 1.3
1101.847 15.9
1103.001 26.2
1104.241 11.9
1105.111 5.3
1105.896 5.2
1107.313 15.1
1108.442 13.7
1109.465 3.9
1110.609 4.8
1111.910 21.6
1112.724 54.3
1113.985 11.3
1115.270 6.4
1116.176 15.5
1117.449 7.5
1118.172 6.5
1119.525 13.0
1121.174 165.1
1121.887 42.3
1122.606 11.1
1123.262 11.8
1124.423 4.5
1125.310 2.3
1126.873 10.3
1128.049 8.9
1129.554 2.9
1130.643 19.5
1131.290 3.5
1133.079 9.1
1134.257 5.0
1135.800 10.3
1136.617 12.1
1137.721 3.1
1138.557 9.3
1139.590 16.3
1140.431 7.7
1141.519 3.8
1142.310 1.2
1144.070 5.9
1145.271 15.6
1146.338 3.2
1147.591 30.3
1148.296 20.6
1149.114 7.2
1150.347 22.7
1151.348 11.9
1152.410 1.8
1153.407 1.5
1154.380 5.7
1155.751 14.7
1156.514 53.7
1157.213 80.3
1158.071 4.4
1159.660 5.3
1160.623 3.7
1161.321 1.9
1162.362 84.7
1163.412 52.6
1164.309 18.9
1165.100 4.7
1165.824 1.1
1166.433 5.3
1167.447 14.4
1168.439 7.6
1169.921 9.7
1170.940 1.6
1172.550 15.3
1173.554 41.8
1174.475 16.9
1175.587 7.0
1176.950 9.5
1177.794 4.6
1178.428 12.7
1179.041 13.6
1179.706 13.3
1180.430 6.7
1181.240 3.6
1181.846 3.0
1182.616 4.4
1183.598 16.0
1184.743 5.1
1187.746 9.4
1188.356 4.2
1189.542 8.3
1190.795 41.5
1191.534 180.2
1192.391 81.7
1193.461 17.8
1194.916 15.7
1196.318 27.2
1197.202 29.8
1198.366 3.7
1198.979 1.3
1199.757 4.2
1200.592 10.9
1201.656 49.0
1202.507 16.3
1203.616 4.4
1204.838 60.1
1205.605 52.1
1206.874 6.7
1208.102 5.4
1211.004 18.1
1212.000 18.7
1212.823 10.1
1213.739 165.1
1214.508 73.8
1215.258 5.3
1216.540 5.2
1217.372 2.0
1219.222 5.9
1220.380 8.1
1221.587 7.2
1222.435 29.9
1223.406 15.1
1224.189 14.4
1225.067 1.7
1227.469 1.6
1228.231 1.1
1229.076 1.1
1230.012 3.2
1230.725 13.0
1231.888 4.9
1232.537 1.3
1233.587 7.5
1234.354 5.7
1235.254 19.9
1236.469 21.7
1237.293 15.0
1238.384 11.7
1239.343 13.7
1240.276 8.8
1241.585 6.2
1242.536 6.1
1243.663 4.8
1244.452 12.7
1245.655 7.3
1246.328 15.6
1247.581 19.0
1248.601 11.4
1249.623 3.9
1250.279 12.8
1251.307 9.1
1252.365 7.2
1253.250 7.3
1254.066 5.9
1255.315 96.7
1256.202 48.8
1256.824 9.2
1257.481 3.1
1258.640 4.1
1259.585 6.5
1260.812 10.7
1262.446 56.9
1263.818 178.5
1264.432 250.4
1265.124 181.5
1266.034 10.9
1267.171 4.2
1267.995 4.4
1268.615 5.4
1270.228 13.1
1271.221 4.1
1272.172 4.4
1273.260 4.8
1275.501 5.3
1276.892 14.0
1277.502 98.1
1278.386 66.3
1279.330 17.2
1281.349 3.1
1282.595 7.2
1284.070 3.2
1285.036 6.4
1286.992 4.2
1288.131 4.9
1289.443 3.1
1290.403 2.7
1291.926 3.6
1293.219 38.2
1294.259 15.7
1295.432 2.7
1297.782 8.0
1298.905 6.4
1299.858 1.7
1300.537 2.1
1301.277 4.1
1302.710 11.7
1303.649 13.9
1304.571 6.1
1305.616 1.4
1308.002 29.8
1309.245 3.8
1310.342 7.1
1311.214 4.2
1311.945 39.7
1313.018 28.7
1314.036 3.8
1315.270 9.5
1317.022 6.0
1317.850 5.2
1318.707 3.1
1319.415 4.8
1320.696 84.6
1321.419 142.8
1322.077 139.2
1323.191 14.0
1323.802 3.6
1324.969 7.0
1325.935 7.5
1326.792 8.5
1327.472 5.5
1328.518 14.1
1329.281 1.1
1330.182 4.2
1331.832 3.1
1332.462 2.8
1333.334 2.7
1334.832 12.3
1335.600 10.0
1336.384 35.6
1337.590 20.6
1338.757 6.8
1339.685 6.6
1340.352 10.0
1341.098 13.2
1341.849 4.2
1343.131 11.4
1344.036 11.0
1345.593 9.6
1346.741 3.8
1347.615 2.8
1348.454 47.0
1349.185 10.5
1349.989 5.0
1350.690 2.8
1351.574 6.6
1352.192 1.4
1353.721 12.7
1354.635 13.0
1356.192 27.4
1357.451 208.6
1358.290 48.5
1359.419 12.2
1360.516 1.3
1361.477 2.0
1362.403 4.0
1364.697 6.7
1365.810 6.7
1366.752 4.3
1368.462 4.2
1369.616 5.0
1371.536 3.8
1373.341 2.8
1374.464 9.1
1375.562 13.3
1376.548 35.7
1377.655 26.9
1378.722 6.0
1379.520 5.2
1380.401 3.5
1383.857 6.1
1385.750 1.7
1386.684 3.6
1387.538 4.4
1388.607 4.3
1389.423 3.0
1390.522 1.2
1391.797 48.9
1392.449 357.9
1393.413 235.4
1394.496 68.0
1395.789 12.0
1396.443 4.0
1397.604 5.5
1398.420 2.1
1400.494 1.1
1401.728 5.4
1402.403 2.3
1403.260 3.8
1404.319 16.5
1405.148 41.8
1406.277 14.3
1407.231 7.0
1408.224 7.9
1408.918 3.1
1409.567 4.6
1410.347 1.0
1411.646 13.6
1412.522 13.5
1413.794 73.2
1414.853 8.4
1416.689 15.4
1417.501 19.4
1418.436 8.1
1419.485 3.3
1421.427 2.0
1422.333 3.7
1424.293 38.0
1425.655 139.9
1426.462 115.8
1427.155 2.9
1428.628 7.4
1429.407 1.8
1430.545 3.2
1431.197 4.9
1432.353 8.5
1433.694 7.6
1434.731 35.8
1435.597 38.6
1436.667 5.5
1437.520 5.0
1438.198 3.8
1439.149 6.3
1439.788 2.6
1440.540 3.3
1441.546 2.3
1444.685 1.8
1447.556 2.6
1448.558 3.2
1449.349 14.2
1450.123 16.7
1451.176 5.0
1452.028 1.7
1452.634 3.2
1453.265 3.3
1454.860 15.9
1455.640 4.7
1456.544 19.7
1457.751 12.9
1458.747 12.6
1459.429 7.4
1460.615 4.0
1461.789 2.6
1462.904 1.5
1464.822 2.1
1465.902 2.2
1466.558 11.1
1467.401 6.1
1468.856 6.0
1470.675 9.2
1472.584 12.2
1473.559 102.3
1474.539 75.2
1475.589 31.0
1476.554 9.2
1477.591 1.1
1478.897 10.3
1479.986 4.6
1480.701 1.1
1483.411 2.6
1486.542 2.4
1488.751 5.7
1491.483 1.7
1492.536 1.3
1495.134 8.3
1495.796 1.9
1496.513 7.4
1497.641 6.7
1498.554 2.1
1500.244 3.4
1502.420 2.8
1505.363 36.6
1506.455 29.5
1507.458 13.8
1508.574 4.0
1509.700 8.3
1513.244 1.6
1514.294 2.0
1517.486 1.7
1518.581 5.7
1519.597 1.2
1520.616 6.2
1521.504 5.6
1523.398 387.0
1524.469 249.6
1525.407 90.3
1526.320 2.9
1528.374 3.9
1532.416 4.4
1533.547 8.5
1534.661 2.4
1535.399 1.4
1537.525 21.2
1538.642 3.1
1539.589 3.0
1540.463 1.6
1541.391 1.0
1543.118 3.6
1545.732 2.2
1547.228 3.7
1548.055 3.8
1549.374 13.4
1550.396 12.0
1551.584 5.1
1561.755 2.9
1562.615 3.5
1563.556 2.6
1564.498 6.9
1565.380 8.5
1566.394 2.0
1573.625 1.5
1574.694 2.7
1579.258 4.5
1580.213 2.4
1584.521 1.2
1586.309 6.4
1587.394 16.4
1588.096 1.9
1588.722 1.0
1591.131 8.0
1591.992 9.1
1592.662 10.4
1593.501 2.0
1594.486 4.5
1596.783 1.2
1597.846 1.9
1604.484 40.5
1605.629 43.7
1606.571 11.7
1607.359 1.2
1608.289 2.3
1609.815 2.2
1610.624 1.7
1612.860 1.9
1615.386 2.0
1616.486 1.5
1617.398 4.2
1619.885 1.3
1620.660 1.6
1622.450 2.0
1623.408 2.4
1624.294 1.2
1626.619 4.6
1628.101 3.1
1633.755 1.3
1634.848 6.5
1636.153 13.8
1637.088 11.2
1637.828 7.8
1645.325 6.3
1646.615 1.4
1647.369 1.1
1648.916 1.7
1650.268 5.3
1651.449 2.3
1652.409 4.6
1653.924 1.5
1657.089 2.6
1659.430 1.1
1661.449 1.3
1662.313 2.9
1663.320 12.1
1664.325 12.1
1665.490 8.8
1669.835 5.1
1670.595 1.4
1671.626 1.5
1674.706 1.1
1678.422 1.5
1680.436 3.0
1681.229 2.8
1682.288 3.8
1685.344 2.0
1687.979 3.1
1688.785 1.6
1689.429 5.4
1690.157 1.4
1694.247 1.2
1698.274 2.1
1699.451 2.0
1701.015 3.3
1702.633 3.2
1703.994 8.7
1704.925 1.4
1706.070 2.7
1707.083 7.1
1708.786 4.2
1712.710 1.3
1717.091 5.3
1717.791 1.3
1718.766 3.6
1719.609 17.3
1720.798 24.1
1721.697 17.6
1722.764 1.3
1723.733 1.8
1724.684 1.7
1731.757 2.5
1733.586 1.9
1734.458 13.0
1735.408 8.1
1736.869 9.8
1737.818 1.9
1738.780 1.5
1743.312 1.7
1749.293 3.2
1750.100 1.2
1750.769 2.9
1761.211 4.1
1766.840 1.3
1769.483 1.5
1775.774 2.8
1787.617 5.1
1788.409 6.8
1789.348 5.9
1795.206 2.5
1800.592 1.2
1802.328 3.9
1803.789 2.7
1805.498 27.4
1806.562 30.7
1807.476 14.6
1808.086 2.0
1817.332 7.3
1818.327 3.7
1821.971 7.5
1822.762 1.4
1830.888 3.1
1834.761 7.4
1835.527 9.1
1836.699 5.6
1841.598 2.5
1849.544 1.3
1850.289 1.6
1858.789 12.1
1859.699 4.5
1862.553 4.0
1863.482 2.6
1873.477 1.5
1884.798 2.4
1886.879 1.3
1888.068 1.2
1888.847 1.5
1891.057 1.7
1892.746 3.1
1900.678 4.4
1902.063 5.5
1903.496 2.0
1904.637 1.2
1906.196 2.1
1907.825 2.6
1915.859 3.0
1916.622 1.5
1918.756 45.3
1919.738 19.5
1920.609 8.3
1921.617 3.0
1922.458 6.4
1923.561 5.5
1924.747 1.0
1934.035 2.6
1935.229 9.9
1958.298 2.6
1970.065 1.3
1971.679 2.2
1972.786 1.2
1977.656 1.6
1979.120 1.3
1985.386 1.7
1987.846 3.3
1989.009 4.2
1990.477 1.2
1995.415 2.6
1997.031 1.4